103109,113794,117388,126360
103120,113805,117399,126561
103078,113763,117357,126425
103133,113818,117412,126669
103111,113796,117390,126600
103107,113792,117386,126596
103084,113769,117363,126572
103050,113735,117329,126538
103103,113788,171205,176814
103128,113813,117407,126664
103088,113773,117367,126577
103077,113761,117355,126375
103085,113770,171187,176465
103099,113784,117378,126587
103106,113791,117385,126595
103113,113798,117392,126364
103104,113789,117383,126592
103111,113796,117390,126505
103114,113799,117393,126604
103124,113809,117403,126335
103112,113797,117391,126600
103097,113782,117376,126265
103129,113814,117408,126343
103141,113826,117420,126583
103111,113796,117390,126362
103112,113797,117391,126323
103139,113824,117418,126628
103092,113777,117371,126343
103112,113797,171214,176729
103101,113786,117380,126316
103113,113798,117392,126459
103086,113771,117365,126337
103104,113789,171206,176434
103111,113796,117390,126695
103110,113795,117389,126503
103123,113808,117402,126243
103094,113779,221248,226738
103104,113788,117382,126314
103119,113804,117398,126330
103105,113790,171207,176437
103066,113751,171168,176589
103130,113815,117409,126666
103118,113803,171220,176688
103107,113792,117386,126738
103125,113810,171227,176363